         0.1047197551196598         1.0455851725180569         0.2390374343677001
         0.3141592653589793         0.9979528532238692         0.4680026746462736
         0.5235987755982988         1.0003813277930591         0.6734631767953033
         0.7330382858376183         1.0033055606509997         0.8754562011437720
         0.9424777960769379         1.0043372510677635         1.0761422512574865
         1.1519173063162573         1.0043922212461560         1.2765164870905157
         1.3613568165555769         1.0040645622973154         1.4771555089357415
         1.5707963267948966         1.0036254609444617         1.6783605810230351
         1.7802358370342160         1.0031861785618514         1.8802555548398152
         1.9896753472735356         1.0027872525269257         2.0828618336347566
         2.1991148575128552         1.0024393650220642         2.2861477081087336
         2.4085543677521746         1.0021412820622919         2.4900575498435011
         2.6179938779914940         1.0018875786747772         2.6945278820094973
         2.8274333882308138         1.0016718780498171         2.8994956648324370
         3.0368728984701332         1.0014881297107812         3.1049022030410347
         3.2463124087094526         1.0013310397160025         3.3106946863672424
         3.4557519189487724         1.0011961451998252         3.5168265024742840
         3.6651914291880918         1.0010797506766058         3.7232569511700029
         3.8746309394274112         1.0009788207686972         3.9299506991073909
         4.0840704496667311         1.0008908689615499         4.1368771527821551
         4.2935099599060500         1.0008138574129617         4.3440098389203499
         4.5029494701453698         1.0007461120997192         4.5513258332869411
         4.7123889803846897         1.0006862531256819         4.7588052534509089
         4.9218284906240086         1.0006331383837048         4.9664308179766845
         5.1312680008633285         1.0005858183683924         5.1741874682290625
         5.3407075111026483         1.0005435000467355         5.3820620463368876
         5.5501470213419672         1.0005055179793803         5.5900430221183246
         5.7595865315812871         1.0004713112025259         5.7981202619747725
         5.9690260418206069         1.0004404046721920         6.0062848333893788
         6.1784655520599259         1.0004123943200121         6.2145288394466149
         6.3879050622992457         1.0003869349714216         6.4228452785773520
         6.5973445725385655         1.0003637305378483         6.6312279254679831
         6.8067840827778845         1.0003425260210288         6.8396712297206985
         7.0162235930172043         1.0003231009665625         7.0481702294108830
         7.2256631032565242         1.0003052640809396         7.2567204771638680
         7.4351026134958431         1.0002888487864068         7.4653179767690947
         7.6445421237351630         1.0002737095349017         7.6739591286830384
         7.8539816339744828         1.0002597187389224         7.8826406830463061
         8.0634211442138017         1.0002467642058703         8.0913596990685122
         8.2728606544531207         1.0002347469849471         8.3001135098233618
         8.4823001646924414         1.0002235795534844         8.5088996916517718
         8.6917396749317604         1.0002131842836071         8.7177160375001801
         8.9011791851710793         1.0002034921413405         8.9265605336285496
         9.1106186954104000         1.0001944415791539         9.1354313392102977
         9.3200582056497190         1.0001859775900650         9.3443267684231763
         9.5294977158890379         1.0001780508971732         9.5532452746864358
         9.7389372261283587         1.0001706172570832         9.7621854367576528
         9.9483767363676776         1.0001636368594360         9.9711459464404228
        10.1578162466069966         1.0001570738078143        10.1801255976927028
        10.3672557568463173         1.0001508956697303        10.3891232769557469
        10.5766952670856362         1.0001450730854609        10.5981379545487364
        10.7861347773249552         1.0001395794271744        10.8071686769964330
        10.9955742875642759         1.0001343905010953        11.0162145601750403
        11.2050137978035949         1.0001294842866919        11.2252747831775430
        11.4144533080429138         1.0001248407077115        11.4343485828127438
        11.6238928182822345         1.0001204414307381        11.6434352486637920
        11.8333323285215535         1.0001162696875636        11.8525341186411648
        12.0427718387608724         1.0001123101182374        12.0616445749743697
        12.2522113490001932         1.0001085486320860        12.2707660405928252
        12.4616508592395121         1.0001049722844131        12.4798979758530191
        12.6710903694788311         1.0001015691668911        12.6890398755739380
        12.8805298797181518         1.0000983283099394        12.8981912663480163
        13.0899693899574707         1.0000952395956315        13.1073517040982246
        13.2994089001967897         1.0000922936798446        13.3165207718558030
        13.5088484104361104         1.0000894819225563        13.5256980777353686
        13.7182879206754293         1.0000867963253430        13.7348832530881779
        13.9277274309147483         1.0000842294752208        13.9440759508145540
        14.1371669411540690         1.0000817744941288        14.1532758438212927
        14.3466064513933880         1.0000794249934146        14.3624826236083472
        14.5560459616327069         1.0000771750327462        14.5716959989728299
        14.7654854718720276         1.0000750190829941        14.7809156948202425
        14.9749249821113466         1.0000729519926366        14.9901414510708673
        15.1843644923506655         1.0000709689573135        15.1993730216543135
        15.3938040025899863         1.0000690654921935        15.4086101735831811
        15.6032435128293052         1.0000672374068797        15.6178526860988143
        15.8126830230686242         1.0000654807825677        15.8271003498830805
        16.0221225333079431         1.0000637919512434        16.0363529663298507
        16.2315620435472638         1.0000621674767145        16.2456103468711817
        16.4410015537865846         1.0000606041372853        16.4548723123538672
        16.6504410640259017         1.0000590989099258        16.6641386924610089
        16.8598805742652225         1.0000576489557800        16.8734093251765920
        17.0693200845045432         1.0000562516068916        17.0826840562872100
        17.2787595947438604         1.0000549043540337        17.2919627389199348
        17.4881991049831811         1.0000536048355277        17.5012452331121509
        17.6976386152225018         1.0000523508269772        17.7105314054114586
        17.9070781254618190         1.0000511402318197        17.9198211285028286
        18.1165176357011397         1.0000499710726241        18.1291142808601649
        18.3259571459404604         1.0000488414830777        18.3384107464238149
        18.5353966561797776         1.0000477497005900        18.5477104142955120
        18.7448361664190983         1.0000466940594577        18.7570131784569973
        18.9542756766584191         1.0000456729845635        18.9663189375047381
        19.1637151868977362         1.0000446849855285        19.1756275944024139
        19.3731546971370570         1.0000437286513140        19.3849390562489177
        19.5825942073763777         1.0000428026452162        19.5942532340611031
        19.7920337176156949         1.0000419057002179        19.8035700425700050
        20.0014732278550156         1.0000410366146837        20.0128894000294117
        20.2109127380943363         1.0000401942483603        20.2222112280363255
        20.4203522483336535         1.0000393775186518        20.4315354513626630
        20.6297917585729742         1.0000385853971703        20.6408619977957031
        20.8392312688122949         1.0000378169065047        20.8501907979898178
        21.0486707790516121         1.0000370711172328        21.0595217853251455
        21.2581102892909328         1.0000363471451155        21.2688548957758563
        21.4675497995302536         1.0000356441484985        21.4781900677851141
        21.6769893097695707         1.0000349613258723        21.6875272421477270
        21.8864288200088914         1.0000342979136003        21.8968663618986241
        22.0958683302482122         1.0000336531837948        22.1062073722086225
        22.3053078404875293         1.0000330264423318        22.3155502202857647
        22.5147473507268501         1.0000324170269850        22.5248948552806461
        22.7241868609661708         1.0000318243056918        22.7342412281993731
        22.9336263712054880         1.0000312476749178        22.9435892918188884
        23.1430658814448087         1.0000306865581265        23.1529390006086047
        23.3525053916841294         1.0000301404043488        23.3622903106542559
        23.5619449019234466         1.0000296086868290        23.5716431795887331
        23.7713844121627673         1.0000290909017668        23.7809975665230553
        23.9808239224020880         1.0000285865671250        23.9903534319832126
        24.1902634326414052         1.0000280952215157        24.1997107378497489
        24.3997029428807259         1.0000276164231425        24.4090694473000482
        24.6091424531200467         1.0000271497488180        24.6184295247534273
        24.8185819633593638         1.0000266947930283        24.8277909358202820
        25.0280214735986846         1.0000262511670579        25.0371536472516425
        25.2374609838380053         1.0000258184981601        25.2465176268929063
        25.4469004940773225         1.0000253964287789        25.4558828436394933
        25.6563400043166432         1.0000249846158098        25.6652492673937509
        25.8657795145559639         1.0000245827299103        25.8746168690250542
        26.0752190247952811         1.0000241904548390        26.0839856203311982
        26.2846585350346018         1.0000238074868342        26.2933554940018936
        26.4940980452739225         1.0000234335340339        26.5027264635836275
        26.7035375555132397         1.0000230683159177        26.7120985034466365
        26.9129770657525604         1.0000227115627838        26.9214715887527376
        27.1224165759918776         1.0000223630152481        27.1308456954255277
        27.3318560862311983         1.0000220224237810        27.3402208001211946
        27.5412955964705191         1.0000216895482592        27.5495968802007134
        27.7507351067098362         1.0000213641575413        27.7589739137038620
        27.9601746169491570         1.0000210460290713        27.9683518793237802
        28.1696141271884777         1.0000207349484995        28.1777307563830206
        28.3790536374277949         1.0000204307093166        28.3871105248102644
        28.5884931476671156         1.0000201331125207        28.5964911651187705
        28.7979326579064363         1.0000198419662867        28.8058726583846898
        29.0073721681457535         1.0000195570856569        29.0152549862270952
        29.2168116783850742         1.0000192782922539        29.2246381307890779
        29.4262511886243949         1.0000190054139977        29.4340220747186372
        29.6356906988637121         1.0000187382848442        29.6434068011515883
        29.8451302091030328         1.0000184767445275        29.8527922936938914
        30.0545697193423536         1.0000182206383259        30.0621785364062823
        30.2640092295816707         1.0000179698168330        30.2715655137873725
        30.4734487398209914         1.0000177241357346        30.4809532107598429
        30.6828882500603122         1.0000174834556104        30.6903416126557183
        30.8923277602996293         1.0000172476417299        30.8997307052023835
        31.1017672705389501         1.0000170165638655        31.1091204745095951
        31.3112067807782708         1.0000167900961188        31.3185109070567620
        31.5206462910175880         1.0000165681167394        31.5279019896805686
        31.7300858012569087         1.0000163505079713        31.7372937095635059
        31.9395253114962294         1.0000161371558887        31.9466860542222335
        32.1489648217355466         1.0000159279502572        32.1560790114974253
        32.3584043319748673         1.0000157227843813        32.3654725695424048
        32.5678438422141880         1.0000155215549744        32.5748667168140358
        32.7772833524535088         1.0000153241620293        32.7842614420626148
        32.9867228626928295         1.0000151305086913        32.9936567343226059
        33.1961623729321431         1.0000149405011438        33.2030525829044123
        33.4056018831714638         1.0000147540484903        33.4124489773843436
        33.6150413934107846         1.0000145710626458        33.6218459075980007
        33.8244809036501053         1.0000143914582416        33.8312433636308256
        34.0339204138894260         1.0000142151525138        34.0406413358120474
        34.2433599241287467         1.0000140420652153        34.2500398147053957
        34.4527994343680604         1.0000138721185250        34.4594387911040911
        34.6622389446073811         1.0000137052369560        34.6688382560217363
        34.8716784548467018         1.0000135413472770        34.8782382006877825
        35.0811179650860225         1.0000133803784281        35.0876386165399410
        35.2905574753253433         1.0000132222614460        35.2970394952179944
        35.4999969855646640         1.0000130669293914        35.5064408285584392
        35.7094364958039776         1.0000129143172738        35.7158426085884670
        35.9188760060432983         1.0000127643619885        35.9252448275202312
        36.1283155162826191         1.0000126170022501        36.1346474777461992
        36.3377550265219398         1.0000124721785264        36.3440505518330426
        36.5471945367612605         1.0000123298329848        36.5534540425174512
        36.7566340470005812         1.0000121899094290        36.7628579427005420
        36.9660735572398949         1.0000120523532474        36.9722622454440568
        37.1755130674792156         1.0000119171113588        37.1816669439656877
        37.3849525777185363         1.0000117841321576        37.3910720316339251
        37.5943920879578570         1.0000116533654715        37.6004775019650808
        37.8038315981971778         1.0000115247625081        37.8098833486177384
        38.0132711084364985         1.0000113982758148        38.0192895653909630
        38.2227106186758121         1.0000112738592286        38.2286961462181551
        38.4321501289151328         1.0000111514678416        38.4381030851650394
        38.6415896391544536         1.0000110310579553        38.6475103764250818
        38.8510291493937743         1.0000109125870404        38.8569180143172588
        39.0604686596330950         1.0000107960137057        39.0663259932811542
        39.2699081698724157         1.0000106812976566        39.2757343078749628
        39.4793476801117293         1.0000105683996634        39.4851429527715823
        39.6887871903510501         1.0000104572815234        39.6945519227569221
        39.8982267005903708         1.0000103479060347        39.9039612127245746
        40.1076662108296915         1.0000102402369588        40.1133708176757793
        40.3171057210690122         1.0000101342389989        40.3227807327147119
        40.5265452313083259         1.0000100298777594        40.5321909530459337
        40.7359847415476466         1.0000099271197298        40.7416014739730556
        40.9454242517869673         1.0000098259322519        40.9510122908956120
        41.1548637620262880         1.0000097262834917        41.1604233993056781
        41.3643032722656088         1.0000096281424200        41.3698347947869678
        41.5737427825049295         1.0000095314787865        41.5792464730116507
        41.7831822927442431         1.0000094362630911        41.7886584297383905
        41.9926218029835638         1.0000093424665699        41.9980706608099155
        42.2020613132228846         1.0000092500611690        42.2074831621526201
        42.4115008234622053         1.0000091590195219        42.4168959297708952
        42.6209403337015260         1.0000090693149348        42.6263089597489611
        42.8303798439408467         1.0000089809213626        42.8357222482477198
        43.0398193541801604         1.0000088938133891        43.0451357915011030
        43.2492588644194811         1.0000088079662117        43.2545495858172728
        43.4586983746588018         1.0000087233556236        43.4639636275739321
        43.6681378848981225         1.0000086399579977        43.6733779132196887
        43.8775773951374433         1.0000085577502638        43.8827924392694442
        44.0870169053767640         1.0000084767099011        44.0922072023044223
        44.2964564156160776         1.0000083968149187        44.3016221989710459
        44.5058959258553983         1.0000083180438399        44.5110374259779391
        44.7153354360947191         1.0000082403756878        44.7204528800951664
        44.9247749463340398         1.0000081637899749        44.9298685581535366
        45.1342144565733605         1.0000080882666853        45.1392844570419527
        45.3436539668126812         1.0000080137862637        45.3487005737067790
        45.5530934770519949         1.0000079403296052        45.5581169051505981
        45.7625329872913156         1.0000078678780355        45.7675334484307541
        45.9719724975306363         1.0000077964133083        45.9769502006573703
        46.1814120077699570         1.0000077259175866        46.1863671589937468
        46.3908515180092778         1.0000076563734355        46.3957843206536182
        46.6002910282485985         1.0000075877638104        46.6052016829013880
        46.8097305384879121         1.0000075200720473        46.8146192430497408
        47.0191700487272328         1.0000074532818506        47.0240369984591879
        47.2286095589665535         1.0000073873772855        47.2334549465370159
        47.4380490692058743         1.0000073223427666        47.4428730847366253
        47.6474885794451950         1.0000072581630508        47.6522914105549873
        47.8569280896845157         1.0000071948232263        47.8617099215340573
        48.0663675999238293         1.0000071323087065        48.0711286152574786
        48.2758071101631501         1.0000070706052171        48.2805474893517612
        48.4852466204024708         1.0000070096987954        48.4899665414833407
        48.6946861306417915         1.0000069495757740        48.6993857693593881
        48.9041256408811122         1.0000068902227792        48.9088051707255360
        49.1135651511204330         1.0000068316267194        49.1182247433669517
        49.3230046613597466         1.0000067737747818        49.3276444851051821
        49.5324441715990673         1.0000067166544242        49.5370643937992625
        49.7418836818383880         1.0000066602533642        49.7464844673434783
        49.9513231920777088         1.0000066045595790        49.9559047036682529
        50.1607627023170295         1.0000065495612953        50.1653251007381158
        50.3702022125563502         1.0000064952469829        50.3747456565512834
        50.5796417227956638         1.0000064416053500        50.5841663691391048
        50.7890812330349846         1.0000063886253359        50.7935872365648677
        50.9985207432743053         1.0000063362961087        51.0030082569246233
        51.2079602535136260         1.0000062846070550        51.2124294283449757
        51.4173997637529467         1.0000062335477768        51.4218507489827701
        51.6268392739922675         1.0000061831080869        51.6312722170250922
        51.8362787842315811         1.0000061332780037        51.8406938306875418
        52.0457182944709018         1.0000060840477460        52.0501155882155047
        52.2551578047102225         1.0000060354077265        52.2595374878818362
        52.4645973149495433         1.0000059873485496        52.4689595279868399
        52.6740368251888640         1.0000059398610044        52.6783817068578415
        52.8834763354281847         1.0000058929360656        52.8878040228485986
        53.0929158456674983         1.0000058465648807        53.0972264743389744
        53.3023553559068191         1.0000058007387738        53.3066490597341271
        53.5117948661461398         1.0000057554492359        53.5160717774645533
        53.7212343763854605         1.0000057106879263        53.7254946259840622
        53.9306738866247812         1.0000056664466619        53.9349176037714528
        54.1401133968641020         1.0000056227174212        54.1443407093288727
        54.3495529071034156         1.0000055794923335        54.3537639411812705
        54.5589924173427363         1.0000055367636818        54.5631872978763255
        54.7684319275820570         1.0000054945238941        54.7726107779836937
        54.9778714378213778         1.0000054527655415        54.9820343800952287
        55.1873109480606985         1.0000054114813381        55.1914581028237166
        55.3967504583000192         1.0000053706641339        55.4008819448031318
        55.6061899685393328         1.0000053303069130        55.6103059046873582
        55.8156294787786535         1.0000052904027894        55.8197299811517880
        56.0250689890179743         1.0000052509450108        56.0291541728905642
        56.2345084992572950         1.0000052119269436        56.2385784786168799
        56.4439480094966157         1.0000051733420803        56.4480028970639083
        56.6533875197359365         1.0000051351840331        56.6574274269836806
        56.8628270299752501         1.0000050974465300        56.8668520671452953
        57.0722665402145708         1.0000050601234163        57.0762768163370779
        57.2817060504538915         1.0000050232086477        57.2857016733647413
        57.4911455606932122         1.0000049866962915        57.4951266370512855
        57.7005850709325330         1.0000049505805184        57.7045517062366997
        57.9100245811718537         1.0000049148556078        57.9139768797774508
        58.1194640914111673         1.0000048795159415        58.1234021565473000
        58.3289036016504880         1.0000048445560010        58.3328275354356123
        58.5383431118898088         1.0000048099703649        58.5422530153475265
        58.7477826221291295         1.0000047757537114        58.7516785952037353
        58.9572221323684502         1.0000047419008113        58.9611042739407978
        59.1666616426077709         1.0000047084065264        59.1705300505097540
        59.3761011528470846         1.0000046752658127        59.3799559238767500
        59.5855406630864053         1.0000046424737083        59.5893818930224199
        59.7949801733257260         1.0000046100253446        59.7988079569409479
        60.0044196835650467         1.0000045779159348        60.0082341146418301
        60.2138591938043675         1.0000045461407732        60.2176603651472320
        60.4232987040436882         1.0000045146952388        60.4270867074934017
        60.6327382142830018         1.0000044835747883        60.6365131407297397
        60.8421777245223225         1.0000044527749568        60.8459396639183794
        61.0516172347616433         1.0000044222913560        61.0553662761351248
        61.2610567450009640         1.0000043921196731        61.2647929764678381
        61.4704962552402847         1.0000043622556665        61.4742197640168371
        61.6799357654796054         1.0000043326951673        61.6836466378941495
        61.8893752757189191         1.0000043034340780        61.8930735972249266
        62.0988147859582398         1.0000042744683708        62.1025006411456317
        62.3082542961975605         1.0000042457940814        62.3119277688035353
        62.5176938064368812         1.0000042174073152        62.5213549793585557
        62.7271333166762020         1.0000041893042424        62.7307822719810559
        62.9365728269155227         1.0000041614810948        62.9402096458525904
        63.1460123371548363         1.0000041339341683        63.1496371001661458
        63.3554518473941570         1.0000041066598175        63.3590646341234702
        63.5648913576334778         1.0000040796544616        63.5684922469393072
        63.7743308678727985         1.0000040529145735        63.7779199378372255
        63.9837703781121192         1.0000040264366856        63.9873477060512954
        64.1932098883514328         1.0000040002173862        64.1967755508253504
        64.4026493985907535         1.0000039742533211        64.4062034714133773
        64.6120889088300743         1.0000039485411878        64.6156314670783729
        64.8215284190693950         1.0000039230777373        64.8250595370946883
        65.0309679293087157         1.0000038978597752        65.0344876807439221
        65.2404074395480365         1.0000038728841549        65.2439158973173079
        65.4498469497873572         1.0000038481477818        65.4533441861157144
        65.6592864600266779         1.0000038236476110        65.6627725464485081
        65.8687259702659986         1.0000037993806443        65.8722009776348756
        66.0781654805053194         1.0000037753439319        66.0816294790005543
        66.2876049907446259         1.0000037515345712        66.2910580498816273
        66.4970445009839466         1.0000037279497040        66.5004866896217095
        66.7064840112232673         1.0000037045865167        66.7099153975734112
        66.9159235214625880         1.0000036814422408        66.9193441730958369
        67.1253630317019088         1.0000036585141510        67.1287730155580533
        67.3348025419412295         1.0000036357995614        67.3382019243354080
        67.5442420521805502         1.0000036132958321        67.5476308988118319
        67.7536815624198709         1.0000035910003597        67.7570599383782763
        67.9631210726591917         1.0000035689105844        67.9664890424343753
        68.1725605828985124         1.0000035470239830        68.1759182103857171
        68.3820000931378331         1.0000035253380717        68.3853474416459051
        68.5914396033771396         1.0000035038504047        68.5947767356351790
        68.8008791136164604         1.0000034825585740        68.8042060917820351
        69.0103186238557811         1.0000034614602067        69.0136355095196450
        69.2197581340951018         1.0000034405529665        69.2230649882911280
        69.4291976443344225         1.0000034198345520        69.4324945275434260
        69.6386371545737433         1.0000033993026962        69.6419241267316096
        69.8480766648130640         1.0000033789551663        69.8513537853174569
        70.0575161750523847         1.0000033587897643        70.0607835027680750
        70.2669556852917054         1.0000033388043224        70.2702132785581313
        70.4763951955310262         1.0000033189967041        70.4796431121680200
        70.6858347057703469         1.0000032993648085        70.6890730030829957
        70.8952742160096676         1.0000032799065621        70.8985029507971660
        71.1047137262489741         1.0000032606199243        71.1079329548081347
        71.3141532364882949         1.0000032415028828        71.3173630146204829
        71.5235927467276156         1.0000032225534545        71.5267931297450446
        71.7330322569669363         1.0000032037696871        71.7362232996967890
        71.9424717672062570         1.0000031851496549        71.9456535239979758
        72.1519112774455778         1.0000031666914604        72.1550838021752838
        72.3613507876848985         1.0000031483932337        72.3645141337614035
        72.5707902979242192         1.0000031302531329        72.5739445182943257
        72.7802298081635399         1.0000031122693398        72.7833749553173277
        72.9896693184028607         1.0000030944400649        72.9928054443794707
        73.1991088286421814         1.0000030767635439        73.2022359850334396
        73.4085483388815021         1.0000030592380358        73.4116665768384138
        73.6179878491208086         1.0000030418618260        73.6210972193580488
        73.8274273593601293         1.0000030246332239        73.8305279121612301
        74.0368668695994501         1.0000030075505617        74.0399586548221293
        74.2463063798387708         1.0000029906121974        74.2493894469184283
        74.4557458900780915         1.0000029738165088        74.4588202880331806
        74.6651854003174122         1.0000029571618996        74.6682511777546978
        74.8746249105567330         1.0000029406467941        74.8776821156745456
        75.0840644207960537         1.0000029242696375        75.0871131013913526
        75.2935039310353744         1.0000029080288997        75.2965441345042308
        75.5029434412746951         1.0000028919230688        75.5059752146213299
        75.7123829515140159         1.0000028759506550        75.7154063413515814
        75.9218224617533366         1.0000028601101889        75.9248375143098428
        76.1312619719926431         1.0000028444002225        76.1342687331147516
        76.3407014822319638         1.0000028288193246        76.3436999973892085
        76.5501409924712846         1.0000028133660865        76.5531313067610881
        76.7595805027106053         1.0000027980391164        76.7625626608603397
        76.9690200129499260         1.0000027828370437        76.9719940593226255
        77.1784595231892467         1.0000027677585146        77.1814255017870749
        77.3878990334285675         1.0000027528021949        77.3908569878964983
        77.5973385436678882         1.0000027379667669        77.6002885172977841
        77.8067780539072089         1.0000027232509314        77.8097200896417576
        78.0162175641465296         1.0000027086534069        78.0191517045829670
        78.2256570743858504         1.0000026941729281        78.2285833617795987
        78.4350965846251711         1.0000026798082471        78.4380150608925248
        78.6445360948644776         1.0000026655581336        78.6474468015878045
        78.8539756051037983         1.0000026514213722        78.8568785835337565
        79.0634151153431191         1.0000026373967634        79.0663104064040141
        79.2728546255824398         1.0000026234831243        79.2757422698728362
        79.4822941358217605         1.0000026096792878        79.4851741736206776
        79.6917336460610812         1.0000025959841021        79.6946061173296130
        79.9011731563004020         1.0000025823964285        79.9040381006860798
        80.1106126665397227         1.0000025689151455        80.1134701233788178
        80.3200521767790434         1.0000025555391459        80.3229021851004887
        80.5294916870183641         1.0000025422673355        80.5323342855472362
        80.7389311972576849         1.0000025290986363        80.7417664244171220
        80.9483707074970056         1.0000025160319819        80.9511986014123579
        81.1578102177363121         1.0000025030663198        81.1606308162384380
        81.3672497279756328         1.0000024902006146        81.3700630686027608
        81.5766892382149535         1.0000024774338407        81.5794953582162634
        81.7861287484542743         1.0000024647649857        81.7889276847942170
        81.9955682586935950         1.0000024521930511        81.9983600480525325
        82.2050077689329157         1.0000024397170502        82.2077924477107445
        82.4144472791722364         1.0000024273360120        82.4172248834926080
        82.6238867894115572         1.0000024150489726        82.6266573551229584
        82.8333262996508779         1.0000024028549841        82.8360898623296009
        83.0427658098901986         1.0000023907531095        83.0455224048441352
        83.2522053201295194         1.0000023787424230        83.2549549824002213
        83.4616448303688401         1.0000023668220106        83.4643875947340490
        83.6710843406081466         1.0000023549909705        83.6738202415845933
        83.8805238508474673         1.0000023432484120        83.8832529226937709
        84.0899633610867880         1.0000023315934534        84.0926856378055021
        84.2994028713261088         1.0000023200252275        84.3021183866665638
        84.5088423815654295         1.0000023085428740        84.5115511690256227
        84.7182818918047502         1.0000022971455480        84.7209839846358364
        84.9277214020440709         1.0000022858324091        84.9304168332497795
        85.1371609122833917         1.0000022746026314        85.1398497146243756
        85.3466004225227124         1.0000022634553996        85.3492826285194042
        85.5560399327620331         1.0000022523899041        85.5587155746958530
        85.7654794430013538         1.0000022414053487        85.7681485529167702
        85.9749189532406746         1.0000022305009464        85.9775815629485578
        86.1843584634799811         1.0000022196759193        86.1870146045596073
        86.3937979737193018         1.0000022089294993        86.3964476775202570
        86.6032374839586225         1.0000021982609264        86.6058807816025649
        86.8126769941979433         1.0000021876694507        86.8153139165821415
        87.0221165044372640         1.0000021771543315        87.0247470822362459
        87.2315560146765847         1.0000021667148367        87.2341802783430893
        87.4409955249159054         1.0000021563502430        87.4436135046847767
        87.6504350351552262         1.0000021460598347        87.6530467610443367
        87.8598745453945469         1.0000021358429070        87.8624800472072565
        88.0693140556338676         1.0000021256987606        88.0719133629611832
        88.2787535658731883         1.0000021156267063        88.2813467080962226
        88.4881930761125091         1.0000021056260642        88.4907800824023667
        88.6976325863518156         1.0000020956961579        88.7002134856742259
        88.9070720965911363         1.0000020858363239        88.9096469177062829
        89.1165116068304570         1.0000020760459047        89.1190803782972836
        89.3259511170697778         1.0000020663242504        89.3285138672455332
        89.5353906273090985         1.0000020566707177        89.5379473843517246
        89.7448301375484192         1.0000020470846704        89.7473809294194353
        89.9542696477877399         1.0000020375654837        89.9568145022535646
        90.1637091580270607         1.0000020281125355        90.1662481026604894
        90.3731486682663814         1.0000020187252139        90.3756817304489886
        90.5825881785057021         1.0000020094029116        90.5851153854281961
        90.7920276887450228         1.0000020001450309        90.7945490674113955
        91.0014671989843436         1.0000019909509790        91.0039827762114300
        91.2109067092236501         1.0000019818201693        91.2134165116437003
        91.4203462194629708         1.0000019727520257        91.4228502735250856
        91.6297857297022915         1.0000019637459743        91.6322840616750085
        91.8392252399416122         1.0000019548014494        91.8417178759129342
        92.0486647501809330         1.0000019459178933        92.0511517160617956
        92.2581042604202537         1.0000019370947513        92.2605855819445253
        92.4675437706595744         1.0000019283314794        92.4700194733877083
        92.6769832808988951         1.0000019196275347        92.6794533902155990
        92.8864227911382159         1.0000019109823839        92.8888873322584345
        93.0958623013775366         1.0000019023954989        93.0983212993459404
        93.3053018116168573         1.0000018938663573        93.3077552913090642
        93.5147413218561780         1.0000018853944423        93.5171893079812548
        93.7241808320954846         1.0000018769792431        93.7266233491965011
        93.9336203423348053         1.0000018686202548        93.9360574147907528
        94.1430598525741260         1.0000018603169776        94.1454915046023046
        94.3524993628134467         1.0000018520689173        94.3549256184683571
        94.5619388730527675         1.0000018438755880        94.5643597562304308
        94.7713783832920882         1.0000018357365026        94.7737939177297619
        94.9808178935314089         1.0000018276511857        94.9832281028093064
        95.1902574037707296         1.0000018196191645        95.1926623113135548
        95.3996969140100504         1.0000018116399716        95.4020965430884758
        95.6091364242493711         1.0000018037131442        95.6115307979804356
        95.8185759344886918         1.0000017958382257        95.8209650758390126
        96.0280154447279983         1.0000017880147638        96.0303993765130883
        96.2374549549673191         1.0000017802423109        96.2398336998548984
        96.4468944652066398         1.0000017725204251        96.4492680457158400
        96.6563339754459605         1.0000017648486681        96.6587024139493849
        96.8657734856852812         1.0000017572266071        96.8681368044119608
        97.0752129959246020         1.0000017496538143        97.0775712169585177
        97.2846525061639227         1.0000017421298664        97.2870056514466199
        97.4940920164032434         1.0000017346543431        97.4964401077346281
        97.7035315266425641         1.0000017272268293        97.7058745856836310
        97.9129710368818849         1.0000017198469164        97.9153090851532539
        98.1224105471212056         1.0000017125141991        98.1247436060070299
        98.3318500573605263         1.0000017052282730        98.3341781481072701
        98.5412895675998328         1.0000016979887429        98.5436127113190423
        98.7507290778391535         1.0000016907952154        98.7530472955081677
        98.9601685880784743         1.0000016836473014        98.9624819005419312
        99.1696080983177950         1.0000016765446162        99.1719165262871911
        99.3790476085571157         1.0000016694867793        99.3813511726139467
        99.5884871187964364         1.0000016624734134        99.5907858393921970
        99.7979266290357572         1.0000016555041462        99.8002205264930780
       100.0073661392750779         1.0000016485786085       100.0096552337892746
       100.2168056495143986         1.0000016416964357       100.2190899611538839
       100.4262451597537193         1.0000016348572656       100.4285247084615520
       100.6356846699930401         1.0000016280607411       100.6379594755876354
       100.8451241802323608         1.0000016213065097       100.8473942624097788
       101.0545636904716673         1.0000016145942183       101.0568290688035091
       101.2640032007109880         1.0000016079235234       101.2662638946493416
       101.4734427109503088         1.0000016012940804       101.4756987398257593
       101.6828822211896295         1.0000015947055507       101.6851336042135756
       101.8923217314289502         1.0000015881575979       101.8945684876948263
       102.1017612416682709         1.0000015816498891       102.1040033901520729
       102.3112007519075917         1.0000015751820952       102.3134383114682464
       102.5206402621469124         1.0000015687538923       102.5228732515284804
       102.7300797723862331         1.0000015623649561       102.7323082102170844
       102.9395192826255538         1.0000015560149667       102.9417431874215509
       103.1489587928648746         1.0000015497036105       103.1511781830284207
       103.3583983031041953         1.0000015434305736       103.3606131969263231
       103.5678378133435018         1.0000015371955462       103.5700482290041577
       103.7772773235828225         1.0000015309982226       103.7794832791518616
       103.9867168338221433         1.0000015248382987       103.9889183472607357
       104.1961563440614640         1.0000015187154745       104.1983534332219676
       104.4055958543007847         1.0000015126294528       104.4077885369280949
       104.6150353645401054         1.0000015065799390       104.6172236582727066
       104.8244748747794262         1.0000015005666423       104.8266587971504720
       105.0339143850187469         1.0000014945892730       105.0360939534566995
       105.2433538952580676         1.0000014886475479       105.2455291270863427
       105.4527934054973883         1.0000014827411809       105.4549643179366001
       105.6622329157367091         1.0000014768698937       105.6643995259060631
       105.8716724259760298         1.0000014710334095       105.8738347508923852
       106.0811119362153363         1.0000014652314531       106.0832699927947260
       106.2905514464546570         1.0000014594637525       106.2927052515135387
       106.4999909566939778         1.0000014537300390       106.5021405269486792
       106.7094304669332985         1.0000014480300459       106.7115758190030732
       106.9188699771726192         1.0000014423635109       106.9210111275783106
       107.1283094874119399         1.0000014367301699       107.1304464525778997
       107.3377489976512607         1.0000014311297649       107.3398817939057750
       107.5471885078905814         1.0000014255620413       107.5493171514660418
       107.7566280181299021         1.0000014200267440       107.7587525251643541
       107.9660675283692228         1.0000014145236218       107.9681879149072472
       108.1755070386085436         1.0000014090524263       108.1776233206004747
       108.3849465488478643         1.0000014036129115       108.3870587421528313
       108.5943860590871708         1.0000013982048310       108.5964941794723302
       108.8038255693264915         1.0000013928279450       108.8059296324674108
       109.0132650795658122         1.0000013874820142       109.0153651010483742
       109.2227045898051330         1.0000013821667997       109.2248005851248820
       109.4321441000444537         1.0000013768820701       109.4342360846083011
       109.6415836102837744         1.0000013716275877       109.6436715994106237
       109.8510231205230951         1.0000013664031264       109.8531071294444104
       110.0604626307624159         1.0000013612084560       110.0625426746216959
       110.2699021410017366         1.0000013560433514       110.2719782348574711
       110.4793416512410573         1.0000013509075887       110.4814138100658738
       110.6887811614803780         1.0000013458009445       110.6908494001613406
       110.8982206717196988         1.0000013407232002       110.9002850050598568
       111.1076601819590053         1.0000013356741382       111.1097206246777347
       111.3170996921983260         1.0000013306535427       111.3191562589325088
       111.5265392024376467         1.0000013256611999       111.5285919077409602
       111.7359787126769675         1.0000013206968996       111.7380275710210924
       111.9454182229162882         1.0000013157604315       111.9474632486925856
       112.1548577331556089         1.0000013108515859       112.1568989406739263
       112.3642972433949296         1.0000013059701587       112.3663346468860027
       112.5737367536342504         1.0000013011159476       112.5757703672484524
       112.7831762638735711         1.0000012962887481       112.7852061016835705
       112.9926157741128918         1.0000012914883627       112.9946418501123162
       113.2020552843522125         1.0000012867145902       113.2040776124574677
       113.4114947945915333         1.0000012819672368       113.4135133886418743
       113.6209343048308398         1.0000012772461062       113.6229491785889252
       113.8303738150701605         1.0000012725510063       113.8323849822225355
       114.0398133253094812         1.0000012678817463       114.0418207994678710
       114.2492528355488020         1.0000012632381379       114.2512566302491166
       114.4586923457881227         1.0000012586199916       114.4606924744929017
       114.6681318560274434         1.0000012540271224       114.6701283321249605
       114.8775713662667641         1.0000012494593458       114.8795642030726469
       115.0870108765060849         1.0000012449164808       115.0890000872624341
       115.2964503867454056         1.0000012403983449       115.2984359846231825
       115.5058898969847263         1.0000012359047603       115.5078718950826300
       115.7153294072240470         1.0000012314355473       115.7173078185693811
       115.9247689174633678         1.0000012269905334       115.9267437550139306
       116.1342084277026743         1.0000012225695407       116.1361797043457500
       116.3436479379419950         1.0000012181723992       116.3456156664948935
       116.5530874481813157         1.0000012137989363       116.5550516413919411
       116.7625269584206364         1.0000012094489812       116.7644876289693485
       116.9719664686599572         1.0000012051223677       116.9739236291577100
       117.1814059788992779         1.0000012008189290       117.1833596418910304
       117.3908454891385986         1.0000011965384992       117.3927956671014385
       117.6002849993779193         1.0000011922809138       117.6022317047214472
       117.8097245096172401         1.0000011880460111       117.8116677546862832
       118.0191640198565608         1.0000011838336322       118.0211038169299087
       118.2286035300958815         1.0000011796436155       118.2305398913861012
       118.4380430403352022         1.0000011754758025       118.4399759779912813
       118.6474825505745088         1.0000011713300392       118.6494120766800933
       118.8569220608138295         1.0000011672061679       118.8588481873906062
       119.0663615710531502         1.0000011631040353       119.0682843100567538
       119.2758010812924709         1.0000011590234901       119.2777204446175574
       119.4852405915317917         1.0000011549643797       119.4871565910091533
       119.6946801017711124         1.0000011509265543       119.6965927491703638
       119.9041196120104331         1.0000011469098653       119.9060289190394855
       120.1135591222497538         1.0000011429141666       120.1154651005548004
       120.3229986324890746         1.0000011389393126       120.3249012936555573
       120.5324381427283953         1.0000011349851570       120.5343374982825537
       120.7418776529677160         1.0000011310515562       120.7437737143746403
       120.9513171632070225         1.0000011271383691       120.9532099418713642
       121.1607566734463433         1.0000011232454540       121.1626461807160666
       121.3701961836856640         1.0000011193726719       121.3720824308479109
       121.5796356939249847         1.0000011155198827       121.5815186922099684
       121.7890752041643054         1.0000011116869507       121.7909549647432357
       121.9985147144036262         1.0000011078737390       122.0003912483911392
       122.2079542246429469         1.0000011040801113       122.2098275430955709
       122.4173937348822676         1.0000011003059366       122.4192638488007532
       122.6268332451215883         1.0000010965510795       122.6287001654496578
       122.8362727553609091         1.0000010928154095       122.8381364929868482
       123.0457122656002298         1.0000010890987967       123.0475728313563764
       123.2551517758395505         1.0000010854011114       123.2570091805024788
       123.4645912860788570         1.0000010817222229       123.4664455403720922
       123.6740307963181777         1.0000010780620081       123.6758819109090979
       123.8834703065574985         1.0000010744203367       123.8853182920597220
       124.0929098167968192         1.0000010707970868       124.0947546837702191
       124.3023493270361399         1.0000010671921338       124.3041910859879948
       124.5117888372754607         1.0000010636053529       124.5136274986594742
       124.7212283475147814         1.0000010600366238       124.7230639217321624
       124.9306678577541021         1.0000010564858268       124.9325003551536497
       125.1401073679934228         1.0000010529528391       125.1419367988715976
       125.3495468782327436         1.0000010494375431       125.3513732528351881
       125.5589863884720643         1.0000010459398208       125.5608097169927078
       125.7684258987113850         1.0000010424595562       125.7702461912932819
       125.9778654089506915         1.0000010389966314       125.9796826756859218
       126.1873049191900122         1.0000010355509328       126.1891191701213586
       126.3967444294293330         1.0000010321223460       126.3985556745489873
       126.6061839396686537         1.0000010287107575       126.6079921889197948
       126.8156234499079744         1.0000010253160558       126.8174287131829345
       127.0250629601472951         1.0000010219381306       127.0268652472926476
       127.2345024703866159         1.0000010185768686       127.2363017911970928
       127.4439419806259366         1.0000010152321626       127.4457383448492322
       127.6533814908652573         1.0000010119039042       127.6551749082014595
       127.8628210011045780         1.0000010085919837       127.8646114812057135
       128.0722605113438988         1.0000010052962964       128.0740480638141037
       128.2817000215832195         1.0000010020167365       128.2834846559815958
       128.4911395318225402         1.0000009987531973       128.4929212576588782
       128.7005790420618609         1.0000009955055751       128.7023578688014140
       128.9100185523011817         1.0000009922737676       128.9117944893618812
       129.1194580625405024         1.0000009890576715       129.1212311192954019
       129.3288975727798231         1.0000009858571852       129.3306677585563591
       129.5383370830191438         1.0000009826722080       129.5401044070989371
       129.7477765932584362         1.0000009795026390       129.7495410648780876
       129.9572161034977569         1.0000009763483806       129.9589777318499273
       130.1666556137370776         1.0000009732093340       130.1684144079700900
       130.3760951239763983         1.0000009700853998       130.3778510931929588
       130.5855346342157191         1.0000009669764833       130.5872877874768392
       130.7949741444550398         1.0000009638824860       130.7967244907769100
       131.0044136546943605         1.0000009608033160       131.0061612030511924
       131.2138531649336812         1.0000009577388762       131.2155979242552064
       131.4232926751730020         1.0000009546890729       131.4250346543468595
       131.6327321854123227         1.0000009516538138       131.6344713932837180
       131.8421716956516434         1.0000009486330059       131.8439081410231211
       132.0516112058909641         1.0000009456265586       132.0533448975251076
       132.2610507161302849         1.0000009426343803       132.2627816627465904
       132.4704902263696056         1.0000009396563814       132.4722184366453632
       132.6799297366089263         1.0000009366924714       132.6816552191823746
       132.8893692468482470         1.0000009337425622       132.8910920103150204
       133.0988087570875678         1.0000009308065658       133.1005288100039081
       133.3082482673268885         1.0000009278843949       133.3099656182079116
       133.5176877775662092         1.0000009249759627       133.5194024348881214
       133.7271272878055299         1.0000009220811834       133.7288392600038378
       133.9365667980448507         1.0000009191999708       133.9382760935153271
       134.1460063082841714         1.0000009163322421       134.1477129353824580
       134.3554458185234921         1.0000009134779118       134.3571497855691064
       134.5648853287628128         1.0000009106368968       134.5665866440336629
       134.7743248390021051         1.0000009078091150       134.7760235107384688
       134.9837643492414259         1.0000009049944836       134.9854603856452684
       135.1932038594807466         1.0000009021929219       135.1948972687161472
       135.4026433697200673         1.0000008994043472       135.4043341599127643
       135.6120828799593880         1.0000008966286831       135.6137710591969494
       135.8215223901987088         1.0000008938658460       135.8232079665329195
       136.0309619004380295         1.0000008911157598       136.0326448818825043
       136.2404014106773502         1.0000008883783453       136.2420818052086702
       136.4498409209166709         1.0000008856535236       136.4515187364747817
       136.6592804311559917         1.0000008829412199       136.6609556756449138
       136.8687199413953124         1.0000008802413558       136.8703926226821466
       137.0781594516346331         1.0000008775538556       137.0798295775503846
       137.2875989618739538         1.0000008748786435       137.2892665402143848
       137.4970384721132746         1.0000008722156470       137.4987035106374833
       137.7064779823525953         1.0000008695647897       137.7081404887851761
       137.9159174925919160         1.0000008669259981       137.9175774746218792
       138.1253570028312367         1.0000008642991995       138.1270144681135434
       138.3347965130705575         1.0000008616843219       138.3364514692243858
       138.5442360233098782         1.0000008590812921       138.5458884779191351
       138.7536755335491989         1.0000008564900396       138.7553254941663567
       138.9631150437885196         1.0000008539104932       138.9647625179279089
       139.1725545540278404         1.0000008513425824       139.1741995491731529
       139.3819940642671611         1.0000008487862369       139.3836365878671302
       139.5914335745064818         1.0000008462413879       139.5930736339763030
       139.8008730847457741         1.0000008437079664       139.8025106874670769
       140.0103125949850948         1.0000008411859047       140.0119477483071364
       140.2197521052244156         1.0000008386751338       140.2213848164634555
       140.4291916154637363         1.0000008361755870       140.4308218919019566
       140.6386311257030570         1.0000008336871982       140.6402589745916885
       140.8480706359423777         1.0000008312098994       140.8496960644993408
       141.0575101461816985         1.0000008287436259       141.0591331615931949
       141.2669496564210192         1.0000008262883131       141.2685702658419586
       141.4763891666603399         1.0000008238438953       141.4780073772124922
       141.6858286768996606         1.0000008214103073       141.6874444956740717
       141.8952681871389814         1.0000008189874867       141.8968816211952060
       142.1047076973783021         1.0000008165753695       142.1063187537444037
       142.3141472076176228         1.0000008141738930       142.3157558932907989
       142.5235867178569436         1.0000008117829944       142.5251930398042362
       142.7330262280962643         1.0000008094026107       142.7346301932522294
       142.9424657383355850         1.0000008070326822       142.9440673536071813
       143.1519052485749057         1.0000008046731466       143.1535045208357815
       143.3613447588142265         1.0000008023239437       143.3629416949088409
       143.5707842690535472         1.0000007999850127       143.5723788757982220
       143.7802237792928679         1.0000007976562952       143.7818160634715809
       143.9896632895321886         1.0000007953377295       143.9912532579013487
       144.1991027997715094         1.0000007930292587       144.2006904590564318
       144.4085423100108301         1.0000007907308235       144.4101276669080676
       144.6179818202501508         1.0000007884423658       144.6195648814282890
       144.8274213304894431         1.0000007861638271       144.8290021025867418
       145.0368608407287638         1.0000007838951521       145.0384393303552883
       145.2463003509680846         1.0000007816362835       145.2478765647051659
       145.4557398612074053         1.0000007793871635       145.4573138056086634
       145.6651793714467260         1.0000007771477368       145.6667510530374159
       145.8746188816860467         1.0000007749179478       145.8761883069605005
       146.0840583919253675         1.0000007726977418       146.0856255673545547
       146.2934979021646882         1.0000007704870624       146.2950628341893093
       146.5029374124040089         1.0000007682858576       146.5045001074364279
       146.7123769226433296         1.0000007660940717       146.7139373870702173
       146.9218164328826504         1.0000007639116513       146.9233746730625114
       147.1312559431219711         1.0000007617385429       147.1328119653865940
       147.3406954533612918         1.0000007595746938       147.3422492640135886
       147.5501349636006125         1.0000007574200518       147.5516865689197630
       147.7595744738399333         1.0000007552745644       147.7611238800768092
       147.9690139840792540         1.0000007531381798       147.9705611974567603
       148.1784534943185747         1.0000007510108471       148.1799985210355430
       148.3878930045578954         1.0000007488925144       148.3894358507868674
       148.5973325147972162         1.0000007467831316       148.5988731866831358
       148.8067720250365369         1.0000007446826480       148.8083105286989962
       149.0162115352758576         1.0000007425910140       149.0177478768088406
       149.2256510455151783         1.0000007405081794       149.2271852309868621
       149.4350905557544991         1.0000007384340961       149.4366225912080495
       149.6445300659937914         1.0000007363687138       149.6460599574468517
       149.8539695762331121         1.0000007343119843       149.8554973296767798
       150.0634090864724328         1.0000007322638595       150.0649347078746700
       150.2728485967117535         1.0000007302242906       150.2743720920146302
       150.4822881069510743         1.0000007281932326       150.4838094820718197
       150.6917276171903950         1.0000007261706345       150.6932468780209149
       150.9011671274297157         1.0000007241564524       150.9026842798390646
       151.1106066376690364         1.0000007221506388       151.1121216875006610
       151.3200461479083572         1.0000007201531464       151.3215591009814034
       151.5294856581476779         1.0000007181639310       151.5309965202583840
       151.7389251683869986         1.0000007161829449       151.7404339453057389
       151.9483646786263193         1.0000007142101444       151.9498713761004467
       152.1578041888656401         1.0000007122454837       152.1593088126196562
       152.3672436991049608         1.0000007102889179       152.3687462548378164
       152.5766832093442815         1.0000007083404039       152.5781837027346057
       152.7861227195836022         1.0000007063998968       152.7876211562834783
       152.9955622298229230         1.0000007044673520       152.9970586154632031
       153.2050017400622437         1.0000007025427262       153.2064960802491953
       153.4144412503015644         1.0000007006259775       153.4159335506191439
       153.6238807605408851         1.0000006987170620       153.6253710265507948
       153.8333202707802059         1.0000006968159363       153.8348085080208421
       154.0427597810195266         1.0000006949225602       154.0442459950065484
       154.2521992912588473         1.0000006930368899       154.2536834874867964
       154.4616388014981680         1.0000006911588843       154.4631209854386498
       154.6710783117374604         1.0000006892885018       154.6725584888370122
       154.8805178219767811         1.0000006874257008       154.8819959976631253
       155.0899573322161018         1.0000006855704406       155.0914335118949339
       155.2993968424554225         1.0000006837226814       155.3008710315089047
       155.5088363526947433         1.0000006818823814       155.5103085564857395
       155.7182758629340640         1.0000006800495027       155.7197460868004839
       155.9277153731733847         1.0000006782240030       155.9291836224339818
       156.1371548834127054         1.0000006764058424       156.1386211633636947
       156.3465943936520262         1.0000006745949848       156.3480587095694432
       156.5560339038913469         1.0000006727913875       156.5574962610286889
       156.7654734141306676         1.0000006709950153       156.7669338177218492
       156.9749129243699883         1.0000006692058270       156.9763713796269258
       157.1843524346093091         1.0000006674237853       157.1858089467240518
       157.3937919448486298         1.0000006656488525       157.3952465189903478
       157.6032314550879505         1.0000006638809897       157.6046840964081923
       157.8126709653272712         1.0000006621201607       157.8141216789549048
       158.0221104755665920         1.0000006603663278       158.0235592666116986
       158.2315499858059127         1.0000006586194534       158.2329968593566321
       158.4409894960452334         1.0000006568795019       158.4424344571702363
       158.6504290062845541         1.0000006551464351       158.6518720600320478
       158.8598685165238749         1.0000006534202186       158.8613096679229670
       159.0693080267631956         1.0000006517008151       159.0707472808232694
       159.2787475370025163         1.0000006499881893       159.2801848987124913
       159.4881870472418370         1.0000006482823052       159.4896225215702827
       159.6976265574811293         1.0000006465831279       159.6990601493789086
       159.9070660677204501         1.0000006448906222       159.9084977821182747
       160.1165055779597708         1.0000006432047528       160.1179354197683722
       160.3259450881990915         1.0000006415254856       160.3273730623101301
       160.5353845984384122         1.0000006398527863       160.5368107097240227
       160.7448241086777330         1.0000006381866209       160.7462483619920306
       160.9542636189170537         1.0000006365269536       160.9556860190949124
       161.1637031291563744         1.0000006348737527       161.1651236810139949
       161.3731426393956951         1.0000006332269831       161.3745613477300083
       161.5825821496350159         1.0000006315866135       161.5839990192244784
       161.7920216598743366         1.0000006299526092       161.7934366954786753
       162.0014611701136573         1.0000006283249361       162.0028743764740682
       162.2109006803529780         1.0000006267035646       162.2123120621920975
       162.4203401905922988         1.0000006250884608       162.4217497526161935
       162.6297797008316195         1.0000006234795915       162.6311874477270862
       162.8392192110709402         1.0000006218769266       162.8406251475049373
       163.0486587213102609         1.0000006202804328       163.0500628519347117
       163.2580982315495817         1.0000006186900783       163.2595005609971963
       163.4675377417889024         1.0000006171058324       163.4689382746733770
       163.6769772520282231         1.0000006155276639       163.6783759929484461
       163.8864167622675438         1.0000006139555409       163.8878137158022525
       164.0958562725068646         1.0000006123894332       164.0972514432178286
       164.3052957827461853         1.0000006108293100       164.3066891751775529
       164.5147352929855060         1.0000006092751410       164.5161269116649123
       164.7241748032247983         1.0000006077268970       164.7255646526635644
       164.9336143134641190         1.0000006061845463       164.9350023981540403
       165.1430538237034398         1.0000006046480592       165.1444401481193722
       165.3524933339427605         1.0000006031174065       165.3538779025438714
       165.5619328441820812         1.0000006015925573       165.5633156614108543
       165.7713723544214020         1.0000006000734849       165.7727534247021310
       165.9808118646607227         1.0000005985601583       165.9821911924015012
       166.1902513749000434         1.0000005970525490       166.1916289644918834
       166.3996908851393641         1.0000005955506293       166.4010667409579014
       166.6091303953786849         1.0000005940543686       166.6105045217837812
       166.8185699056180056         1.0000005925637399       166.8199423069498266
       167.0280094158573263         1.0000005910787142       167.0293800964413720
       167.2374489260966470         1.0000005895992647       167.2388178902433538
       167.4468884363359678         1.0000005881253615       167.4482556883387758
       167.6563279465752885         1.0000005866569783       167.6576934907110683
       167.8657674568146092         1.0000005851940879       167.8671312973439456
       168.0752069670539299         1.0000005837366623       168.0765691082225146
       168.2846464772932507         1.0000005822846736       168.2860069233304614
       168.4940859875325714         1.0000005808380965       168.4954447426514434
       168.7035254977718921         1.0000005793969031       168.7048825661718183
       168.9129650080112128         1.0000005779610674       168.9143203938742204
       169.1224045182505336         1.0000005765305606       169.1237582257420797
       169.3318440284898543         1.0000005751053593       169.3331960617623508
       169.5412835387291750         1.0000005736854356       169.5426339019183786
       169.7507230489684673         1.0000005722707639       169.7520717461949289
       169.9601625592077880         1.0000005708613187       169.9615095945773930
       170.1696020694471088         1.0000005694570731       170.1709474470500538
       170.3790415796864295         1.0000005680580046       170.3803853035971656
       170.5884810899257502         1.0000005666640843       170.5898231642047449
       170.7979206001650709         1.0000005652752866       170.7992610288585524
       171.0073601104043917         1.0000005638915912       171.0086988975415352
       171.2167996206437124         1.0000005625129684       171.2181367702410455
       171.4262391308830331         1.0000005611393947       171.4275746469418209
       171.6356786411223538         1.0000005597708472       171.6370125276272063
       171.8451181513616746         1.0000005584072991       171.8464504122847529
       172.0545576616009953         1.0000005570487274       172.0558883009000226
       172.2639971718403160         1.0000005556951073       172.2653261934574118
       172.4734366820796367         1.0000005543464154       172.4747640899433634
       172.6828761923189575         1.0000005530026264       172.6842019903435812
       172.8923157025582782         1.0000005516637185       172.8936398946436270
       173.1017552127975989         1.0000005503296672       173.1030778028297448
       173.3111947230369196         1.0000005490004489       173.3125157148867288
       173.5206342332762404         1.0000005476760414       173.5219536308022157
       173.7300737435155611         1.0000005463564190       173.7313915505601472
       173.9395132537548818         1.0000005450415599       173.9408294741484156
       174.1489527639942025         1.0000005437314425       174.1502674015527532
       174.3583922742335233         1.0000005424260425       174.3597053327587503
       174.5678317844728156         1.0000005411253385       174.5691432677541286
       174.7772712947121363         1.0000005398293070       174.7785812065238531
       174.9867108049514570         1.0000005385379263       174.9880191490558161
       175.1961503151907777         1.0000005372511733       175.1974570953346415
       175.4055898254300985         1.0000005359690269       175.4068950453486764
       175.6150293356694192         1.0000005346914640       175.6163329990835109
       175.8244688459087399         1.0000005334184638       175.8257709565253606
       176.0339083561480606         1.0000005321500052       176.0352089176631978
       176.2433478663873814         1.0000005308860642       176.2446468824809358
       176.4527873766267021         1.0000005296266221       176.4540848509680018
       176.6622268868660228         1.0000005283716551       176.6635228231094743
       176.8716663971053435         1.0000005271211443       176.8729607988935584
       177.0811059073446643         1.0000005258750668       177.0823987783069526
       177.2905454175839850         1.0000005246334034       177.2918367613370947
       177.4999849278233057         1.0000005233961318       177.5012747479707969
       177.7094244380626265         1.0000005221632311       177.7107127381950988
       177.9188639483019472         1.0000005209346829       177.9201507319976088
       178.1283034585412679         1.0000005197104642       178.1295887293667306
       178.3377429687805886         1.0000005184905563       178.3390267302878556
       178.5471824790199094         1.0000005172749382       178.5484647347501834
       178.7566219892592301         1.0000005160635905       178.7579027427401002
       178.9660614994985508         1.0000005148564932       178.9673407542453276
       179.1755010097378715         1.0000005136536252       179.1767787692554919
       179.3849405199771923         1.0000005124549682       179.3862167877562115
       179.5943800302164846         1.0000005112605015       179.5956548097350378
       179.8038195404558053         1.0000005100702063       179.8050928351810001
       180.0132590506951260         1.0000005088840636       180.0145308640823885
       180.2226985609344467         1.0000005077020524       180.2239688964256459
       180.4321380711737675         1.0000005065241551       180.4334069322000573
       180.6415775814130882         1.0000005053503520       180.6428449713922646
       180.8510170916524089         1.0000005041806250       180.8522830139919506
       181.0604566018917296         1.0000005030149532       181.0617210599866098
       181.2698961121310504         1.0000005018533205       181.2711591093646746
       181.4793356223703711         1.0000005006957062       181.4805971621154583
       181.6887751326096918         1.0000004995420928       181.6900352182229597
       181.8982146428490125         1.0000004983924622       181.8994732776798742
       182.1076541530883333         1.0000004972467957       182.1089113404754585
       182.3170936633276540         1.0000004961050739       182.3183494065948480
       182.5265331735669747         1.0000004949672805       182.5277874760274130
       182.7359726838062954         1.0000004938333964       182.7372255487637460
       182.9454121940456162         1.0000004927034043       182.9466636247906592
       183.1548517042849369         1.0000004915772860       183.1561017040974093
       183.3642912145242576         1.0000004904550241       183.3655397866720875
       183.5737307247635783         1.0000004893366004       183.5749778725036947
       183.7831702350028991         1.0000004882219991       183.7844159615825390
       183.9926097452422198         1.0000004871112007       183.9938540538964560
       184.2020492554815405         1.0000004860041893       184.2032921494341053
       184.4114887657208612         1.0000004849009470       184.4127302481856816
       184.6209282759601535         1.0000004838014569       184.6221683501387929
       184.8303677861994743         1.0000004827057021       184.8316064552834632
       185.0398072964387950         1.0000004816136654       185.0410445636072438
       185.2492468066781157         1.0000004805253309       185.2504826751018356
       185.4586863169174364         1.0000004794406800       185.4599207897553867
       185.6681258271567572         1.0000004783596992       185.6693589075568127
       185.8775653373960779         1.0000004772823685       185.8787970284962228
       186.0870048476353986         1.0000004762086740       186.0882351525617935
       186.2964443578747193         1.0000004751385982       186.2976732797449984
       186.5058838681140401         1.0000004740721251       186.5071114100330476
       186.7153233783533608         1.0000004730092387       186.7165495434180116
       186.9247628885926815         1.0000004719499220       186.9259876798864468
       187.1342023988320022         1.0000004708941603       187.1354258194308784
       187.3436419090713230         1.0000004698419380       187.3448639620396534
       187.5530814193106437         1.0000004687932371       187.5543021077016306
       187.7625209295499644         1.0000004677480445       187.7637402564091929
       187.9719604397892851         1.0000004667063429       187.9731784081488115
       188.1813999500286059         1.0000004656681174       188.1826165629132959
       188.3908394602679266         1.0000004646333522       188.3920547206905383
       188.6002789705072473         1.0000004636020323       188.6014928814715859
       188.8097184807465680         1.0000004625741423       188.8109310452457805
       189.0191579909858888         1.0000004615496669       189.0203692120043115
       189.2285975012252095         1.0000004605285904       189.2298073817360375
       189.4380370114645302         1.0000004595108998       189.4392455544318636
       189.6474765217038225         1.0000004584965783       189.6486837300817569
       189.8569160319431433         1.0000004574856109       189.8581219086759972
       190.0663555421824640         1.0000004564779852       190.0675600902042959
       190.2757950524217847         1.0000004554736832       190.2769982746570463
       190.4852345626611054         1.0000004544726919       190.4864364620260062
       190.6946740729004262         1.0000004534749971       190.6958746522995796
       190.9041135831397469         1.0000004524805841       190.9053128454693535
       191.1135530933790676         1.0000004514894383       191.1147510415251247
       191.3229926036183883         1.0000004505015456       191.3241892404588782
       191.5324321138577091         1.0000004495168910       191.5336274422602401
       191.7418716240970298         1.0000004485354619       191.7430656469196038
       191.9513111343363505         1.0000004475572430       191.9525038544274480
       192.1607506445756712         1.0000004465822208       192.1619420647743368
       192.3701901548149920         1.0000004456103813       192.3713802779522268
       192.5796296650543127         1.0000004446417108       192.5808184939502894
       192.7890691752936334         1.0000004436761951       192.7902567127616464
       192.9985086855329541         1.0000004427138203       192.9996949343745030
       193.2079481957722749         1.0000004417545736       193.2091331587809009
       193.4173877060115956         1.0000004407984415       193.4185713859718021
       193.6268272162509163         1.0000004398454101       193.6280096159384243
       193.8362667264902370         1.0000004388954655       193.8374478486720420
       194.0457062367295578         1.0000004379485963       194.0468860841618266
       194.2551457469688785         1.0000004370047861       194.2563243224009284
       194.4645852572081992         1.0000004360640247       194.4657625633791440
       194.6740247674474915         1.0000004351262972       194.6752008070884301
       194.8834642776868122         1.0000004341915920       194.8846390535199191
       195.0929037879261330         1.0000004332598944       195.0940773026653119
       195.3023432981654537         1.0000004323311926       195.3035155545140640
       195.5117828084047744         1.0000004314054740       195.5129538090593257
       195.7212223186440951         1.0000004304827257       195.7223920662910928
       195.9306618288834159         1.0000004295629341       195.9318303262018617
       196.1401013391227366         1.0000004286460877       196.1412685887829355
       196.3495408493620573         1.0000004277321739       196.3507068540258729
       196.5589803596013780         1.0000004268211782       196.5601451219208684
       196.7684198698406988         1.0000004259130910       196.7695833924599071
       196.9778593800800195         1.0000004250078982       196.9790216656357700
       197.1872988903193402         1.0000004241055880       197.1884599414398735
       197.3967384005586609         1.0000004232061483       197.3978982198623271
       197.6061779107979817         1.0000004223095671       197.6073365008950589
       197.8156174210373024         1.0000004214158311       197.8167747845321855
       198.0250569312766231         1.0000004205249302       198.0262130707626227
       198.2344964415159438         1.0000004196368510       198.2356513595790091
       198.4439359517552646         1.0000004187515819       198.4450896509746940
       198.6533754619945853         1.0000004178691120       198.6545279449387920
       198.8628149722339060         1.0000004169894277       198.8639662414648228
       199.0722544824732267         1.0000004161125178       199.0734045405454822
       199.2816939927125475         1.0000004152383726       199.2828428421708225
       199.4911335029518682         1.0000004143669776       199.4922811463342498
       199.7005730131911605         1.0000004134983236       199.7017194530263282
       199.9100125234304812         1.0000004126323978       199.9111577622406912
       200.1194520336698019         1.0000004117691894       200.1205960739691818
       200.3288915439091227         1.0000004109086864       200.3300343882027903
       200.5383310541484434         1.0000004100508788       200.5394727049349797
       200.7477705643877641         1.0000004091957531       200.7489110241569108
       200.9572100746270849         1.0000004083433005       200.9583493458617340
       201.1666495848664056         1.0000004074935092       201.1677876700405250
       201.3760890951057263         1.0000004066463670       201.3772259966864340
       201.5855286053450470         1.0000004058018641       201.5866643257919009
       201.7949681155843678         1.0000004049599880       201.7961026573488539
       202.0044076258236885         1.0000004041207315       202.0055409913495055
       202.2138471360630092         1.0000004032840792       202.2149793277863523
       202.4232866463023299         1.0000004024500235       202.4244176666515500
       202.6327261565416507         1.0000004016185513       202.6338560079385616
       202.8421656667809714         1.0000004007896539       202.8432943516405373
       203.0516051770202921         1.0000003999633202       203.0527326977469613
       203.2610446872596128         1.0000003991395394       203.2621710462533997
       203.4704841974989336         1.0000003983183010       203.4716093971508997
       203.6799237077382543         1.0000003974995932       203.6810477504322705
       203.8893632179775750         1.0000003966834079       203.8904861060904921
       204.0988027282168957         1.0000003958697341       204.0999244641182884
       204.3082422384562165         1.0000003950585608       204.3093628245082414
       204.5176817486955088         1.0000003942498787       204.5188011872525919
       204.7271212589348295         1.0000003934436763       204.7282395523448315
       204.9365607691741502         1.0000003926399443       204.9376779197773999
       205.1460002794134709         1.0000003918386733       205.1471162895437885
       205.3554397896527917         1.0000003910398516       205.3565546616351298
       205.5648792998921124         1.0000003902434713       205.5659930360469048
       205.7743188101314331         1.0000003894495204       205.7754314127691089
       205.9837583203707538         1.0000003886579905       205.9848697917973084
       206.1931978306100746         1.0000003878688701       206.1943081731229768
       206.4026373408493953         1.0000003870821517       206.4037465567400034
       206.6120768510887160         1.0000003862978246       206.6131849426400606
       206.8215163613280367         1.0000003855158786       206.8226233308176347
       207.0309558715673575         1.0000003847363033       207.0320617212658476
       207.2403953818066782         1.0000003839590916       207.2415001139764570
       207.4498348920459989         1.0000003831842323       207.4509385089436933
       207.6592744022853196         1.0000003824117161       207.6603769061597689
       207.8687139125246404         1.0000003816415328       207.8698153056191131
       208.0781534227639611         1.0000003808736744       208.0792537073150470
       208.2875929330032818         1.0000003801081319       208.2886921112392997
       208.4970324432426025         1.0000003793448939       208.4981305173861870
       208.7064719534819233         1.0000003785839537       208.7075689257486886
       208.9159114637212440         1.0000003778252993       208.9170073363205518
       209.1253509739605647         1.0000003770689239       209.1264457490938469
       209.3347904841998854         1.0000003763148175       209.3358841640650212
       209.5442299944391777         1.0000003755629709       209.5453225812248661
       209.7536695046784985         1.0000003748133748       209.7547610005665319
       209.9631090149178192         1.0000003740660217       209.9641994220854713
       210.1725485251571399         1.0000003733209009       210.1736378457723902
       210.3819880353964606         1.0000003725780036       210.3830762716239917
       210.5914275456357814         1.0000003718373223       210.5925146996321473
       210.8008670558751021         1.0000003710988481       210.8019531297904336
       211.0103065661144228         1.0000003703625706       211.0113915620922853
       211.2197460763537435         1.0000003696284820       211.2208299965319895
       211.4291855865930643         1.0000003688965737       211.4302684331036062
       211.6386250968323850         1.0000003681668379       211.6397068717995182
       211.8480646070717057         1.0000003674392646       211.8491453126133592
       212.0575041173110264         1.0000003667138468       212.0585837555407807
       212.2669436275503472         1.0000003659905747       212.2680222005735970
       212.4763831377896679         1.0000003652694398       212.4774606477054135
       212.6858226480289886         1.0000003645504345       212.6868990969315973
       212.8952621582683093         1.0000003638335500       212.8963375482459810
       213.1047016685076301         1.0000003631187779       213.1057760016400948
       213.3141411787469508         1.0000003624061096       213.3152144571106703
       213.5235806889862715         1.0000003616955377       213.5246529146490673
       213.7330201992255923         1.0000003609870538       213.7340913742525288
       213.9424597094649130         1.0000003602806491       213.9435298359112494
       214.1518992197042337         1.0000003595763163       214.1529682996210795
       214.3613387299435544         1.0000003588740458       214.3624067653756526
       214.5707782401828467         1.0000003581738313       214.5718452331684318
